%YAML:1.0
---
calibration_time: "Mon Feb 13 11:31:00 2023"
image_width: 640
image_height: 480
flags: 0
camera_matrix: !!opencv-matrix
   rows: 3
   cols: 3
   dt: d
   data: [ 6.4048751660649782e+02, 0., 2.9759890244383223e+02, 0.,
       6.2978979154733258e+02, 2.2459667126638192e+02, 0., 0., 1. ]
distortion_coefficients: !!opencv-matrix
   rows: 1
   cols: 5
   dt: d
   data: [ 2.5585425654600191e-01, -9.4235929898909643e-01,
       3.6420921887766515e-02, -1.3164479880465133e-02,
       4.9368665846862736e-01 ]
avg_reprojection_error: 2.5138123544200486e-01
